,TRADE,CAUCASIAN,CAUCASIAN JOURNEYMEN,CAUCASIAN APPRENTICE,AFRICAN_AMERICAN,A_A JOURNEYMEN,A_A APPRENTICE,HISPANIC,HISPANIC JOURNEYMEN,HISPANIC APPRENTICE,ASIAN,ASIAN JOURNEYMEN,ASIAN APPRENTICE,NATIVE_AMERICAN,N_A JOURNEYMEN,N_A APPRENTICE,OTHER,OTHER JOURNEYMEN,OTHER APPRENTICE,FEMALE,FEMALE JOURNEYMEN,FEMALE APPRENTICE,TOTAL_HOURS
0,ASBESTOS,2742.25,2059.75,682.5,44.0,44.0,0.0,5907.0,5632.5,274.5,735.0,735.0,0.0,0.0,0.0,0.0,0.0,0.0,0.0,633.75,633.75,0.0,9428.25
1,CARPENTER,203694.83000000002,192967.33000000002,10727.5,7227.42,4687.92,2539.5,21345.089999999997,17973.089999999997,3372.0,764.0,278.0,486.0,749.0,741.0,8.0,2945.25,2892.25,53.0,5345.0,1615.5,3729.5,237563.45
2,CONSTRUCTOR,35295.51,33014.01,2281.5,296.25,296.25,0.0,101.0,101.0,0.0,12.0,12.0,0.0,0.0,0.0,0.0,58.0,58.0,0.0,1235.0,1203.5,31.5,35762.76
3,DIVER,0.0,0.0,0.0,0.0,0.0,0.0,0.0,0.0,0.0,0.0,0.0,0.0,0.0,0.0,0.0,113.34,113.34,0.0,0.0,0.0,0.0,113.34
4,DRIVER,2703.0,2703.0,0.0,67.5,67.5,0.0,81.25,81.25,0.0,0.0,0.0,0.0,0.0,0.0,0.0,607.78,607.78,0.0,97.5,97.5,0.0,3459.5299999999997
5,ELECTRICIAN,202388.78,166426.08000000002,35962.7,9947.5,5806.75,4140.75,20602.0,9186.25,11415.75,3455.5,1666.0,1789.5,308.0,220.0,88.0,1391.98,823.98,568.0,7508.5,1706.5,5802.0,238093.76
6,ENGINEER,3900.5,3900.5,0.0,21.0,21.0,0.0,564.0,564.0,0.0,26.0,26.0,0.0,0.0,0.0,0.0,23.5,23.5,0.0,48.0,48.0,0.0,4535.0
7,EQUIP_OPERATOR,21160.83,21160.829999999998,0.0,276.5,276.5,0.0,1009.5,1009.5,0.0,0.0,0.0,0.0,8.5,8.5,0.0,2755.8799999999997,2755.88,0.0,571.0,571.0,0.0,25211.21
8,GLAZIER,13996.27,12510.77,1485.5,212.5,10.5,202.0,6149.0,5095.0,1054.0,3.5,3.5,0.0,0.0,0.0,0.0,40.0,40.0,0.0,680.0,438.0,242.0,20401.27
9,HVAC,9551.5,9551.5,0.0,1014.25,1014.25,0.0,334.5,334.5,0.0,0.0,0.0,0.0,0.0,0.0,0.0,0.0,0.0,0.0,569.75,569.75,0.0,10900.25
10,INSUALTOR,14429.5,14429.5,0.0,192.0,192.0,0.0,1843.25,1843.25,0.0,959.0,959.0,0.0,0.0,0.0,0.0,619.0,619.0,0.0,932.75,932.75,0.0,18249.75
11,IRONWORKER,77345.04000000001,70779.79000000001,6565.25,2222.5,1480.5,742.0,6642.0,3586.0,3056.0,375.0,116.0,259.0,638.5,638.5,0.0,1361.5,1269.5,92.0,2033.0,1403.75,629.25,88684.54000000001
12,LABORER,206525.97,203432.53,3093.44,8378.75,7841.25,537.5,55369.28,51591.28,3778.0,1586.5,1586.5,0.0,20.0,20.0,0.0,7025.16,6969.16,56.0,16515.38,10937.94,5577.4400000000005,279268.9
13,LINEMAN,925.5,925.5,0.0,13.0,13.0,0.0,0.0,0.0,0.0,0.0,0.0,0.0,0.0,0.0,0.0,0.0,0.0,0.0,0.0,0.0,0.0,938.5
14,LOADER,28894.77,28894.77,0.0,666.5799999999999,666.5799999999999,0.0,213.5,213.5,0.0,473.5,473.5,0.0,0.0,0.0,0.0,0.0,0.0,0.0,0.0,0.0,0.0,30248.35
15,MAINTENANCE,32589.0,27792.5,4796.5,1133.5,851.5,282.0,1849.5,1497.5,352.0,1221.5,1221.5,0.0,0.0,0.0,0.0,977.0,922.5,54.5,160.5,120.5,40.0,37778.5
16,MASONRY,73935.5,73044.5,891.0,3884.5,3811.5,73.0,12497.0,12203.0,294.0,687.0,687.0,0.0,36.5,36.5,0.0,333.0,333.0,0.0,960.5,830.0,130.5,91725.5
17,MILLWRIGHT,403.75,403.75,0.0,0.0,0.0,0.0,0.0,0.0,0.0,0.0,0.0,0.0,0.0,0.0,0.0,26.0,26.0,0.0,0.0,0.0,0.0,429.75
18,PAINTER,20933.989999999998,19484.989999999998,1449.0,1694.0,1694.0,0.0,9917.39,9817.39,100.0,1171.0,1171.0,0.0,0.0,0.0,0.0,66.0,66.0,0.0,314.0,314.0,0.0,33968.520000000004
19,PILOT,1745.7,1745.7,0.0,0.0,0.0,0.0,125.0,125.0,0.0,0.0,0.0,0.0,0.0,0.0,0.0,472.0,472.0,0.0,0.0,0.0,0.0,2436.45
20,PIPEFITTER,71662.37,62566.369999999995,9096.0,2783.0,1891.0,892.0,4461.5,1626.5,2835.0,41.0,37.0,4.0,32.0,0.0,32.0,48.5,0.0,48.5,2556.0,2258.0,298.0,79120.37
21,PLUMBER,51842.5,41555.25,10287.25,1204.0,1132.0,72.0,717.0,601.0,116.0,740.5,132.5,608.0,0.0,0.0,0.0,40.0,0.0,40.0,184.0,112.0,72.0,55345.0
22,RAKER,12.0,12.0,0.0,9.0,9.0,0.0,0.0,0.0,0.0,0.0,0.0,0.0,0.0,0.0,0.0,0.0,0.0,0.0,0.0,0.0,0.0,21.0
23,ROLLER,9.0,9.0,0.0,0.0,0.0,0.0,64.0,64.0,0.0,0.0,0.0,0.0,0.0,0.0,0.0,0.0,0.0,0.0,64.0,64.0,0.0,73.0
24,ROOFER,23770.75,21476.0,2294.75,1831.25,984.5,846.75,6466.5,5249.5,1217.0,150.0,150.0,0.0,6.0,6.0,0.0,1314.5,1282.0,32.5,80.5,16.5,64.0,33547.5
25,TECHNICIAN,14010.75,11459.75,2551.0,1667.5,1593.0,74.5,689.25,633.25,56.0,2088.0,2088.0,0.0,83.0,83.0,0.0,350.0,350.0,0.0,49.25,49.25,0.0,18888.5
